121.86 1 0 0.05
244.74 0.775637739344363 0 0.038781886967218
344.15 0.632351648318019 0 0.031617582415901
411.36 0.560952315968091 0 0.028047615798405
779.02 0.370837501238524 0 0.018541875061926
867.44 0.350676899265393 0 0.01753384496327
1085.86 0.314266645765557 0 0.015713332288278
1089.77 0.312665656557026 0 0.015633282827851
1112.12 0.308988775632573 0 0.015449438781629
1212.87 0.28829052606978 0 0.014414526303489
1299 0.278804085123984 0 0.013940204256199
1407.96 0.266890710089045 0 0.013344535504452
